recipe_id,prediction
79578623
34742403
27205316
15313464
72546246
47960528
17168696
34908790
56026880
81190852
39457672
33662989
62801356
92491996
70506903
94715209
22953865
72028659
08160453
42192557
53952610
22633187
05750691
01505200
32412714
70581626
48274570
94846770
59083941
86877533
72701762
88677556
04278512
15595292
41147372
25584340
69328916
24774520
00750003
30444506
02621700
90023531
95214510
10533043
37504356
03824863
60060136
78356877
75000882
40043745
47104104
84867152
70673400
28244571
79896591
84685075
35965100
41876532
62282980
77449589
57955913
03991813
71455770
14796884
64813822
89450655
47588647
49664731
31158037
33256281
82018158
22056123
03753288
27345154
76138577
61894998
08492811
95834683
68821230
44649797
79688582
30025001
28249255
28372742
57530120
25284034
74697722
35074215
46211431
19742808
36706179
56739951
03803044
04322709
83952608
19588302
17959141
24538523
09615692
92164822
41362619
19473009
53682056
29776220
30262641
44429878
45355988
25238504
83245189
89318216
16423282
17463153
24632583
15584847
95915375
46760840
82323438
23339270
79553978
27195086
30261612
45531641
05862806
69100863
63639787
46039119
93513601
72012774
96996198
56696271
20597010
33398531
13642217
65396958
23195653
06914757
68382868
35481709
55781732
94904027
69315947
04094484
18788539
64559546
20534208
77024341
14365740
41175355
81345483
21396154
77559058
02272204
78805884
08279147
12201678
85918433
95311926
91224414
25603821
31108351
38654558
75696523
80747002
94217468
96301873
03805510
44782544
89816164
88529836
16965630
03036131
65653947
09968060
70119832
55885006
87106280
01662689
93070173
78492585
30707280
10222548
39265401
84386281
33965905
37653223
09204482
75455432
29454228
53238237
55978539
67121228
30161039
11994405
94992732
59208184
33547564
75756963
45120712
01225378
95777679
41273235
90330876
13971195
73408328
98328480
11490877
10201817
21913471
69683858
39908531
33010540
50809918
63458269
48365190
13782366
21431154
36044123
16429791
42543877
80190417
70703192
83941244
37810806
67687636
91585252
97677966
81535793
22517808
95719654
13365998
82120532
30637905
65802150
82790723
81318850
01809711
62326283
83379581
54047227
53481120
07933368
57010670
97144490
25382864
86928885
53785826
15124794
78974024
39021396
03656379
69709187
64330953
15242146
79208420
51476210
90894273
97254939
04110720
98323467
80050636
32514712
79190810
90335895
10573108
75584606
75704832
09080679
70672254
42554826
80882873
08313045
85612099
08841075
62416621
30270784
77907299
46451894
37588608
81018806
38638574
97221160
81073268
28648290
80982925
93816723
60408976
63265024
32726630
64843573
22484409
06766112
39737326
40667914
34093725
01490905
69106235
85420413
30295819
23591908
44440059
27022518
23899614
35973224
09342548
72494812
38836207
08059209
65920328
40060247
04103195
00386449
21894335
45149496
00666651
74510234
60819224
65146493
43093270
79829640
96420496
61179708
11467602
16373624
75852586
79468372
11707792
96588484
94662291
40313117
99474581
45895880
30359143
13272971
55091181
21285105
33040803
56284761
40787801
43663165
01699053
90454268
83504720
47727126
55327278
44197922
66559274
91209667
00487782
15494818
24557558
19605170
69753633
86922687
45728700
77725177
45151628
75976181
26484093
81082351
77769139
30083332
93793570
07718030
31227109
29397758
11058678
63846192
52301506
95630618
09809074
19714406
55147626
26776426
50033230
17046984
55570129
62759869
45615352
28655243
58485495
99861087
67806117
57328618
40117478
22413793
58037296
22071754
11596154
71368800
39536070
11657641
24114975
50723792
42599789
40203042
37332934
94410300
92726555
45325557
38192560
88155028
70607052
44162964
32314249
54661196
59802296
27490996
60651886
24868216
17209135
94210830
28607727
88082314
57236421
11770011
00288430
15524563
29060458
51516107
20629929
50423723
39173486
15928509
69959899
41925946
97512023
52197719
29733232
15407501
82963503
76716964
96447426
71943551
23611939
56159563
56276536
76755706
60845967
51029466
36398352
80733583
72458871
13788457
91728339
28599912
58280058
03452668
46604035
54355589
13867866
86766064
43077136
85137864
32464213
93295844
30127122
70389984
23037064
58041087
27402730
40962800
03875462
78120572
57499728
65845869
13151188
74032884
41626418
41239797
72857009
60328727
89836228
49992715
61007648
01429426
92185761
20328282
33491806
01629543
15678391
84200615
62859873
87508593
05622701
76743331
67584587
28988549
62258926
96198161
97609568
22542137
97137883
66286552
01775200
85225884
87024439
81204788
37358567
70331675
00417409
68794267
78749832
90654846
00540051
45069525
70953078
07999365
92681509
39969359
10149424
96766011
99744268
47729597
77528743
59392721
15560462
86779538
15586505
01641448
20694565
14004867
56469139
06341479
79416298
13042659
41859524
88305776
25370555
08194452
91129135
35853250
30661697
99126707
56060523
74688646
18514109
58076383
16414950
50155544
97431716
48859542
53015478
37003454
88371516
62245709
98876771
98066897
52119480
01157343
93211636
96423757
68973611
49599829
41153558
28038979
05091138
86410355
44253409
92039584
96785662
42412445
33308680
34554566
89661045
64700399
85671302
24624676
18916184
13227039
85486144
98806428
08633139
17162149
57966107
51815131
52153765
71154362
93662912
60976611
66909171
19064250
24978721
15791801
61333994
61522343
20739985
24539398
42776236
91484593
05216676
29345789
00261183
43634389
51884803
04561011
78473358
27956527
09251262
54289236
14848082
86800839
47378049
85512448
86177621
20305132
73764862
07289278
31864427
80562481
56427192
82728388
31937135
04185075
23292300
27205381
77701904
27476460
18387889
82459508
92858997
69443393
71772798
26695593
59733412
75177480
37930497
19984944
98840156
50265122
22039881
73827647
61773141
09095867
71306505
53516403
34488952
87081149
39168499
23908074
13969257
46945951
16684236
21015783
45028862
34951469
00624607
88178909
42328009
38635229
61829070
94380725
70367221
98382923
62610638
60064988
69081224
11953855
49890975
93804812
09739869
00506522
46592620
13299130
09102410
16774470
77057205
47732751
17963591
54685152
08659709
90394359
13782823
72428322
03846744
61030138
35739092
18692244
37116506
14434564
01549373
40513992
54992856
44692602
24167259
28818149
50359000
15038712
76583826
50306262
89893396
23782676
00587189
05217272
00804231
56974407
21879098
46991076
19713639
87289876
23962956
98276090
54462517
40922445
95307052
73262786
74659004
87291485
30123842
62565498
60874884
28901210
66871549
18923844
79593394
18929665
09085835
65387220
05210640
53920521
97503100
61527313
55360681
09934637
09573295
32021401
37676780
13331071
34386067
07410490
48119335
50759137
96452268
39985272
73313392
50692678
56543354
18940998
94754265
35277794
20187095
05009360
91454534
17653982
97083076
99166868
08116222
02956899
73139943
07415592
12550316
52699678
39418440
81651289
63753403
80726448
16302831
28006989
78836092
37089351
16485177
26257494
73931186
78072085
93382748
65220120
99867637
69633321
02534037
98620089
72712495
34795044
72779947
41863005
39699274
62470929
56238203
89101676
50015829
26550637
95145572
38804121
49686126
69104633
85786611
90868992
75975718
57554366
45840710
81109752
35385088
22500426
84823584
35122745
74342723
19375342
67298947
97598183
43708005
19478685
69775804
42084180
93731608
87337455
40649903
04571923
57302487
10395581
14118304
33354144
76147123
73865104
00548374
37332935
08276007
84865456
49297008
63181101
19050390
99131991
44576998
90425538
63636039
93611074
14732823
25925057
17071102
26036501
70979635
70187065
38154610
73395864
20561939
69236988
43835861
16244270
96649056
48261349
25713449
69668745
78420438
84355578
64099169
11657762
45861568
90424217
17974636
85049163
13224372
51759100
98886085
43453806
75441156
31731630
66278482
20227752
77965091
79817544
75642641
30778716
21093047
29550509
79241184
60048727
15829828
94162860
82011468
00584835
01852990
99321691
65295655
17058307
91378163
90342963
48600371
88145832
04018319
49172422
28087184
75448143
42504425
40188018
90219872
98605123
64196705
84035646
08633528
60456988
63082740
20226807
12426630
03724260
25860957
04841011
40615625
78543268
72270903
19639923
98231925
36651629
43427260
57584609
54380102
97692133
36429689
65998954
42734159
89070769
09862363
73870332
98570805
66742124
13585769
29137929
03870910
24582883
13047596
10071370
30241299
71519590
96856522
64410687
76039035
49622017
86131046
31396336
29940501
60176565
08619862
66321065
79059444
95985695
06538772
10281061
58559449
34669994
17701478
75296812
71853042
55098757
50105709
47488309
25880476
00978396
99474779
74235125
27355847
09959755
61451551
41793075
55571364
29800706
64201061
69046143
73112349
90750295
70980670
32935706
77131295
29258132
63837704
31239094
74662033
80683667
06491209
79680189
65950582
77930442
23962720
39892361
81135712
72862273
45632752
38890448
73129285
98978633
08567228
26252310
60705676
10122892
14961227
51526004
55228783
14758787
78453989
59956015
84491289
51255965
05056760
05330012
01032688
39333258
61116697
20179502
67231802
64581359
32314144
45822118
84496528
64341068
53330581
79143517
32551911
85711082
23697607
97081038
66165291
49144118
25383068
24986107
34713025
19581924
68099488
31808126
80352310
67626170
40363597
40864218
04074830
42314233
68004231
84786202
95117737
90385351
15614279
19469839
75894150
76869635
05623157
51668940
75868266
54450829
84032982
79344860
34064206
29159850
01297564
41387803
00238650
88117613
31620439
48203546
69298228
13527482
53562240
71731782
20408622
73317365
74313625
56595716
60272368
23949848
58709347
06586867
38692027
12425663
44176588
14914820
92837375
68449416
77459574
26705798
61357797
79621883
15608586
84468181
50870114
03463659
26406670
18233724
48988702
38008200
49073600
62079895
56912850
18680730
66044801
41608258
28317048
16038875
62352451
39560406
95315885
72456049
61756722
50997289
63392629
08140510
11241268
03806313
64773235
36921448
90920889
53203247
83738752
35805912
50863027
76980236
10842482
45683183
99185724
69964872
07970405
42712945
62460202
90566990
98054534
14587217
94101613
59110934
27747699
15076373
35013050
10824207
04843318
24595877
59799839
67035299
96963471
10433645
97238214
23223915
86514148
02728042
32497226
63658383
97965051
88579230
87759953
36203423
42473278
89814724
58926937
30014956
22154219
83213480
38423030
83614354
00241489
21165900
33718326
14953861
12297177
81489688
86554563
90794283
76695386
02747990
06792099
33848577
42013380
69673607
69960430
30985192
48347899
86833543
88501690
12302276
28944554
93770921
67279915
78273914
27604985
27147724
43771939
72277326
72388312
75914882
48684921
84976926
99990353
90234530
20194461
10047965
52358978
38413918
01384178
65733251
97487703
78120912
35805790
67075379
36542712
04738215
30741141
88097714
45842886
79790493
96016387
41729190
71702292
91780475
62625898
47565157
60683061
84763778
97644209
68633672
96403332
63967071
77287297
34442983
37048154
22774178
38131944
05688809
87017507
12062782
75938447
13977306
09774857
52689853
32021876
83659677
68407846
66702190
59238148
97743833
22826360
00133376
69735647
97912600
16017768
44986698
38453029
16888982
19325448
83022164
08371963
48338678
05275579
98551486
88281252
99455795
47224452
15790006
85219614
34350284
31866933
49265609
43785509
27839215
18231763
89073018
00304027
62095419
25181384
84170710
43522393
75418148
48045396
83644763
60578673
78392450
45021868
95535374
99772403
86478679
18796023
94953346
14762513
82645542
89502687
25406508
18694112
45202336
98096059
23030186
38205611
71148633
97045504
27264952
26258491
62604531
01657753
47600189
71903477
13047069
07733409
42020522
84221016
56581552
13187586
69499443
62186298
70610163
13096223
51094838
02244912
84490608
04800106
96741035
64517033
52783295
39120011
82337171
53851937
02469220
18575375
12300844
78554127
53013584
27222937
43255075
35170003
25078263
00960203
71662291
17248123
62264009
84199402
43170873
63321847
19311436
83782806
59676044
92516549
50132115
60184086
92672592
81332604
19307248
84542817
05351312
72871494
34020430
86070257
71948720
70455206
75902356
39449445
28987944
07200415
78752179
75373603
88433802
08404205
33716490
04190892
86854425
73646681
66152607
62220828
00816127
20277885
54947961
60607479
42823930
30071790
64890332
06860839
98757858
57338067
22787657
05087492
56742138
67210420
48842908
63727100
49359128
99544946
08015365
10519642
88318235
66504327
00861386
96366999
12435529
51308642
49071893
52546653
83077008
64543821
35327410
61917393
72055046
46922700
67196997
64916222
13967515
20114028
40470239
09197849
62785943
10444418
59434322
76879158
39008567
20513954
29391594
74856010
82879935
47290175
61154614
13301502
99213792
21516808
11501847
87470190
96619076
90122762
81356245
84982087
40385528
13896767
89176474
64779444
37064032
62384679
88149427
72565414
51652456
45991965
19025506
73073024
27447976
54141794
70976081
74935914
68898619
42068768
68105833
16527160
54114061
93391539
62459690
06065622
24989245
01589215
36342970
54547665
03346995
13896590
91349295
91593948
25584082
50454600
83052547
83353041
93082747
47072335
26605570
20364024
57784666
84198463
87455916
78995627
45406635
24569115
51954637
80760060
94276602
36364642
58773208
38032453
94521938
72016182
18438971
68249032
41707046
42058822
33419543
77224010
87993581
74506233
82823628
28714190
71918828
32576607
13752947
49150291
34068628
42682376
90533624
36824942
00900423
06073686
76967853
11284065
87150626
44312272
80870451
89591939
90788494
25086763
63485003
33913631
43551919
30088148
26269235
36741361
51499229
67350921
89767919
39086930
88273614
61763579
80638155
04076912
12884278
48547566
62626705
66351222
46424271
37813854
56155730
54010206
11713304
17297580
87896514
56195736
85055326
01693340
47816894
08402470
24321125
44065606
99615420
34730539
72382028
56239217
28093891
27475660
96690204
29525864
98178063
28715914
19356328
38591782
84942642
08354124
75864830
82865817
31093761
07113063
27179550
11395704
13066638
74134398
76832419
32768911
42425631
03884612
50848668
46984661
20788824
90019171
89093527
08765355
80701440
19586714
04132805
86189220
20552839
69971659
28816570
53063299
01745673
67107203
22365315
67797559
76471813
18486349
12145611
54503792
24657874
16792575
71848109
37338783
46221706
89650936
50382673
81054589
88017795
33917131
28180725
70525579
33567907
67573881
69404313
93233712
64823219
28732136
26803081
02208213
18497433
41373457
84942050
51100247
90661675
66547363
35418505
27400906
83318552
21735759
21065242
96428825
08216145
49091625
79479102
54428293
95240351
72677075
19846656
92451039
68890381
93219728
78482504
28499538
18141094
33893289
17878343
41660140
63036341
85552827
24477315
30126517
06308078
13774171
99622288
97616931
38620958
73240477
04212451
97688807
82756750
04075677
28076621
41721634
29308535
21428244
86887409
29437566
51665107
94363600
26325620
87929093
41591284
73420345
60392076
24867868
72108012
81645407
26404067
56308298
17083109
70041908
84631458
00144476
78987986
89619634
36346264
40793177
31660347
22965277
65688835
28523921
92146538
58884796
93877821
61164363
47245133
10718274
83767953
14103359
41748806
47895773
44384181
23093588
14798030
91103942
48112469
20417009
75228908
20325986
14834981
59833051
36998996
07727722
70572926
78262492
07741797
80474056
61465281
34535398
16558165
29551911
56809992
99908640
36297709
38011020
24221275
82039982
80222249
70450011
58469234
29340513
80838423
31513068
68244696
10630288
67062283
18088193
86824517
60414253
11977492
62084032
54284141
09317422
14105554
24164431
99738419
84478579
84319663
48867904
98461313
85266719
78545037
88020253
06296221
03395494
58743662
97819453
25115989
85367859
64269965
07593093
00996188
55649302
31324488
83253154
52140194
27477587
35800492
05349148
38253538
75250943
33854906
19871095
32414104
15886135
42458474
75163787
30688792
55645163
59817403
44142624
53750191
63527876
04043891
34193109
02166862
64584655
76448483
19036073
65458091
83579630
06755073
72153074
56933802
41253383
17344493
64711246
79246283
20599349
05684798
37263954
53704856
86596706
98605682
15908076
07449733
65153656
23690294
69422278
06460040
62160601
00031386
98632496
89043632
15318990
16934820
35558349
57061086
86971191
02340469
98965265
00971175
80052704
16036107
71120077
64797988
46430551
39627895
32133394
53923244
34536080
43814795
83380092
62681537
95967227
92583027
63706310
01162740
32005266
18746475
45732562
45748247
75768456
00357477
93405070
00824558
54389496
28054000
16619797
63168785
21428011
12199088
74568279
30061497
05466713
34760611
02447288
22844580
77124139
93817769
55003390
19822926
95335736
66441228
25858527
95749478
91860326
09909269
59631907
83418248
99134993
71708594
48372150
49221434
22490866
81612635
30130774
61584876
53267050
96734128
70444978
27614976
10336896
21242085
92140503
61387278
43261780
86937308
46826563
43720354
97953622
09474382
72988710
04161059
98610989
86228293
10045958
92428921
88599464
78503800
47898676
59733435
42040031
91978027
40253207
71937120
92244598
83314085
79783343
62843288
07187831
12156539
37398453
24404386
07211391
80039580
88932429
28274505
14343781
10151870
53044890
12634661
43495579
58094306
54015281
45024100
52195287
02963167
09258892
18954517
78955724
78275659
40227847
42790298
17822802
79582697
04999451
45248062
16432119
74207903
59314674
58824964
78682056
42658579
34780078
36258164
09519488
25064709
57263254
79176011
79111517
35071687
12330667
92048606
27454176
96100924
13655073
94023578
62106333
79170913
26585245
50600020
25188908
90034968
46882051
96642079
74088684
65865787
36028052
53319950
78652384
47706965
78225531
88825690
24854092
68144569
14479266
06691569
08426160
64011024
44696987
60734752
16740268
08331946
15856591
74944299
59012918
36396801
05024749
35363735
56226987
13426189
96179060
65737680
07847175
32485204
15314876
91530211
45432571
68494175
43234881
65056218
32891148
60504795
96813251
79345176
03242355
96095649
34467622
65954436
48082747
14589265
22997737
83177312
08094686
44353308
34523295
48607759
62582179
56424436
09218748
98515978
59517703
47254435
64955503
72418864
36299058
49528237
86727035
87292837
50971400
60382116
82347845
18943014
65278669
84666986
06223306
17571648
34026011
20908395
19320969
95604025
09055304
36607262
63376567
80683229
47947592
31711268
34490481
50665917
12068134
04259557
29528343
60544077
23292706
06117981
13498541
55296150
87004507
67397487
59184952
88680507
30016819
53737605
90826350
25990517
88460780
96191580
12034622
95810417
48469427
90050290
56514592
59410514
18251816
35963995
39617138
88737774
47609983
40226757
13789504
36566734
95349816
99533849
29395586
92948291
76146238
11255500
52418880
64762870
83424691
65290729
34163103
83193149
01680862
78124760
80696738
98475814
28984024
25545639
25423357
99716824
24987155
49052169
95947319
81835012
71165257
85051680
92264963
04919202
86672851
54271098
06994829
56973600
15615481
70789400
36499833
10806596
37313310
70382808
12737805
16346422
10459000
92506272
64398257
03188219
84175965
09902706
87861167
71125216
48248205
63612518
97102024
73714210
56644033
03293973
66435278
62054566
97316540
90114081
70392201
52365001
06837283
43792938
21813784
44879736
68516490
00713387
03533962
73300413
18522356
06824870
06341649
10611571
24187143
18868613
37779181
16477366
12265074
35891727
06348312
33796067
97706385
38059701
65855609
32970695
64439749
81024553
40989697
52577829
24176496
15234231
49526440
32123895
43676329
71146140
85847449
97582749
59743782
84766516
97707821
38957163
57184123
01872498
93184741
41651582
23953660
73566881
29733339
66936023
09271836
04608078
98654632
42269647
73024548
70970850
15187810
52985999
16428179
83884425
53511531
31379837
12031326
50900234
53746128
13470405
46424710
85299894
49486366
60080345
97108529
67195874
32551257
15494701
12959205
23041670
49674245
07575240
78356377
71945884
12189576
69916819
00829218
10802985
92335773
59856764
87734414
56180622
75435054
76105055
78954915
71751502
86512399
34356718
53220312
14536639
82303824
31686929
32360768
76272624
48364296
50780441
85899063
22649166
56406023
66592979
84714416
96977826
23206558
04940880
77238822
21146875
28582609
28337802
62028344
36584422
18158583
75948039
01875968
95495936
10433550
46254487
92255368
27927509
81824497
80165687
52902556
83583776
83814666
47612116
46624241
87979684
28617289
15622867
85996928
40660839
17785010
77844461
38999193
31488045
09914284
40230935
24302039
32067704
08491751
09607684
35611064
05301593
19202496
80014589
20604396
85757880
79091104
85814496
68873976
39060847
43897631
49930859
44321401
89578364
11666403
03273834
04737203
94096802
70633608
53863479
91311116
83922749
92744432
21735629
68693684
73245858
58142346
37835008
89805348
41826807
79438822
81892325
58329013
70358845
49209223
42486765
55019490
41246695
07370177
01693788
36375757
96031445
26507190
79988099
20112703
77030791
81096576
41154721
34673873
20928352
75801485
00998638
58060565
45420822
74117723
41037382
13972023
61673575
63368204
75315290
42379501
95874091
64163164
42757124
79946368
64140814
30476497
78253287
04230886
90160585
78106127
48724501
89604237
74065457
89679002
68915197
85374867
86673430
05431987
49372585
73674747
37782290
29885746
27627359
27371483
31524888
48841495
29636607
04429720
72322933
35706637
95528445
64024103
30922946
69873290
12012392
84452694
86471647
00734252
73769915
36560534
66556482
40696751
49464260
66063656
21506658
41319621
49421530
00091781
45712917
03392728
69586497
86166826
07974275
01381877
46598617
38854131
50857945
93295720
19510415
68343323
03793604
86278676
31570170
10807293
80285062
27889502
10324949
75915582
85849937
87371795
93746639
48757449
79487312
87402251
91497890
53008470
00045370
95353396
52063870
13237001
46832135
95570431
74452046
00442739
47902974
15587949
69988164
59764270
27204557
53925701
46309746
85524493
49627821
88706088
46525394
31146057
24215442
98135911
24691554
61311544
53682263
87838987
00528088
91182265
84179288
30406488
38853455
03598038
43504915
01269340
21550878
75003286
87415957
09842345
35616651
41025650
72632518
96526337
70598308
10555040
01738171
10492254
89384062
67737985
28994814
93233905
94684416
27763185
77017040
00034709
12378490
35187110
69094044
01037536
10259333
66767154
55031682
23718794
07334298
97473905
56336734
61372684
43724463
66720409
36187549
52713597
82954081
16897032
65931319
86425112
71877998
34366427
17103148
79491217
57500910
44212352
63732146
93292114
46807904
77092503
45389723
37498117
19217463
33610130
59112161
12727364
66083175
47153819
05652751
72997454
30009734
30570155
64390325
62374251
57847058
12854170
94227400
26797847
61292536
49778770
44721744
20785758
79904048
72115686
30915096
91508305
34182618
20282242
97688488
57498738
45473274
84981487
97217211
68249833
87360426
48133635
38786055
99377297
78690131
78142210
11063781
50868453
96440393
55365517
51210983
90480757
19489635
24970712
32649842
86127552
68128587
79552432
24843931
18641544
12417277
33748824
74747146
29391724
26554356
56518146
52527319
09425459
87817187
84581220
61705065
52678474
36431116
59106239
00717804
39216004
18134416
93274596
51656214
10644710
06131727
50727694
63106838
93263008
28270957
43670893
07816971
59905114
14701245
49369518
96933747
11237292
66710695
49177871
40010302
01464371
65305952
63748583
28580848
67347173
20477936
68199965
90007379
88486372
33239944
57428279
49136527
69357648
15635129
41149214
54481015
08867390
77793516
00322131
46190235
18804942
20249461
92168868
46579387
77051012
76839597
86887226
14108211
91915810
46064139
92541089
68926653
02834485
42713326
27259303
80616105
62895042
63263460
13958194
05918588
07705373
03263082
27084256
80430535
21691059
40636827
65522628
11389722
62156531
00903434
59620940
47637845
16854869
26085282
81586185
08361097
43308394
55541743
62937049
72653325
28337086
25022853
87036830
91415781
11428348
84948656
46923165
56267917
66030011
69028470
12376988
56378362
74034889
42767652
99753112
95794246
96388110
86276519
26035537
57697001
44847777
72350672
59765675
41796392
28307055
43390064
69980205
54810340
53144267
69840433
31197091
74108829
52488256
73828889
96977440
35064652
54979947
39688608
61113807
58566536
28490695
44519090
47357817
16599338
31133360
16333892
74990692
27213509
79236017
06243211
47422795
91068683
69967511
91124985
52168723
53983621
75278834
29323695
64338966
74917343
08796179
35467433
78979627
41427233
91812869
46693747
90038941
71070164
54327655
13510041
14950878
69594267
73169599
05199301
66149770
25405712
23732526
93742210
46378441
61515751
79094719
41340378
55532901
48960954
71528718
08729900
07726727
14389279
37270357
98785085
19828304
91906705
59513536
04358431
86307870
43625636
55872918
27235300
94140031
61711457
18344929
80318124
27834730
53427323
67877149
75030297
40292773
47416788
89181133
73761706
56735417
50531052
13948677
44467573
57385394
27547796
48311991
75768894
84017027
26133429
99624731
44663681
91269603
49595699
23097860
41689077
56322114
43804918
59978961
65773089
30497684
96912034
88002976
52719185
49947434
59359537
29571868
09739492
52273875
55923869
73127191
83438781
53488331
74650727
35579775
87412295
51216650
10615716
12690989
49484443
65415676
36419655
87632653
78984338
09725571
13493828
30972275
72634502
26330669
15083903
74338700
01514819
56859820
36190699
03851740
45721742
99407771
30253445
23499089
63759199
54717800
24739141
65597159
34766951
28320308
62813209
31603780
54329288
90516242
41888457
88171825
52371971
89695786
15405356
95441982
64855659
71051478
93481772
52718422
13717536
07075421
57498334
35336738
45774862
12917519
91396046
26555388
71956239
83778167
00321619
39638465
70824916
65903350
52561245
08177218
16100605
02780454
28642473
42354462
33873329
08866572
43529026
47649673
40771976
24766367
67453882
11194019
19709286
23520287
77310729
49078273
36283022
15440958
37448127
72924633
28962536
12139969
04413530
61642948
20136966
55795979
01630904
50370945
15439986
50302743
36100005
63061608
42787527
07015252
95594845
30804853
24879105
14216795
70956028
00724276
55299897
73889734
28704448
37997407
39720071
17250002
80911628
85636977
72303495
71777219
53944792
16146418
64999390
90259922
43614636
45004075
40720555
93316785
02035726
04007206
29793919
88681889
46491887
88626642
52729217
03443593
23060895
09345713
58435132
30755408
00544827
46056702
33682676
76058698
02720867
35102826
53970024
88147673
61162338
50463564
88804995
34934409
83495046
45467397
88819194
53409747
75725660
76063884
73044090
63274311
58855263
91550592
25516630
06324792
05652989
66510012
85408814
89677787
87632420
99705111
99403788
37883321
40549476
77980429
25268670
67824056
04594424
57364417
24963075
99196619
61770075
93190315
80772643
02662998
92823611
02555116
94874902
71930766
89330879
51683869
59163089
95293559
60670489
59874378
66125130
84439753
26701345
81776161
01087227
69292291
38908379
57478593
33758235
53735233
27523563
37616457
74158563
56965865
81419091
03259728
88903538
13812118
52315291
28627881
80946232
48520018
95643253
94212987
80694963
42774851
65792732
19842673
49193759
08840398
08488476
15394555
47784572
42751428
38359436
40684121
32155678
48960624
32518553
35263259
29136068
16913353
90277186
86958232
63072661
71249011
35422598
12401479
90857228
04034559
50625475
06904192
06565636
57220635
40713389
64324961
12859920
16832908
98877101
95190797
81170449
35896288
85692616
15085903
72666400
50050002
38556253
21464924
52534125
19735966
91241161
84684026
23060858
51972549
26856499
62593770
15539593
60244764
66920828
32545030
86831363
57190815
79181118
48996527
27877990
81507588
76949286
07172180
22767281
46690167
62272542
22792029
48816429
26963998
38014264
18105046
57057376
08652743
40050855
00831064
44513029
07328053
38829863
22204470
20819891
68527098
52814908
81688740
27800995
48719241
74443197
56671983
63228441
83834521
35669769
90706629
27367090
06388208
89645088
16112706
93500236
95829260
11004633
34077963
48731200
87674137
89351203
48047228
25762863
00008426
46583436
93883968
65675950
11414981
71056430
17529579
52545877
88135663
31105848
21454874
09796536
49866674
34392519
14066405
09948525
31365475
52998406
38729511
88263190
35441816
45179060
43421273
13541897
45215623
20599961
67942054
93105333
06947206
34483943
96370454
75380626
31311818
62220630
08554563
56025277
29759882
00190611
95700010
95073901
37124239
07923863
04970841
38972188
38770501
31735073
87192257
93114575
85074450
74080570
12834141
84380784
43896182
46036198
77810371
04519505
65172284
65052663
35646243
70608494
83155480
56186556
82321100
97801181
64607733
40251971
32702534
33943415
22315132
57188374
37589149
30210220
11284241
93621739
53478646
04447806
90318896
99706881
62645434
58478624
86520315
16408970
66135513
91709198
56424066
23965065
01100524
11790188
93958963
36857157
81707916
42013974
43750654
80436379
90825102
93723267
82383282
14797324
01291892
75906436
07507139
04124174
07387838
14050224
65996558
43840352
33078374
22842314
50395331
56509007
97371222
63119635
03532273
56157152
40433215
45289236
32641467
61667324
29002197
55315430
30591780
17696927
23600243
22560708
50887564
11902407
51443424
09341233
43379494
72486396
20568786
26995681
48012689
55176230
01972980
55658680
89971356
65721693
47929939
69307631
14241327
60925093
70846917
95429419
48422074
99522318
76619323
44745771
01453296
81037460
07043174
27921437
07237480
51140018
42919112
73581325
07896567
39537330
60007659
72147941
41910539
59552662
36984730
05316737
84077400
25634671
17467246
86404601
90505876
23768630
40208618
72279528
98581860
90782930
18906445
28949977
11073828
24973193
38888774
95292116
45558417
22455139
00751583
94857632
43240433
81140140
95484676
38501479
62103288
15768728
65858520
85846857
53622513
06904932
68206320
47784213
68079561
65050041
06437054
91627327
30109187
68392137
52332352
42312407
74564533
55317533
07720923
57298396
08087910
68179447
35267978
66660271
73414745
47166557
26449488
19049894
72690940
24111142
29448204
63802269
70482552
36904978
36186941
20070198
38298522
07550645
52825290
02454245
19755673
60197800
12492285
88054774
40148144
13369600
12498743
22478261
69980796
08546698
13943458
66826415
09017677
52456123
35724100
91173650
00095305
40784354
65735584
47993137
34301905
08323905
40776321
76599535
11081335
34948717
46800056
43700531
39005336
73205625
78404659
12173710
13051120
37245652
69277998
70352850
14238393
09176302
21050536
05586555
96784156
81718457
26101760
23700225
65744865
91890022
15735198
47021054
58215810
22429756
48930696
63414461
19754976
12278449
28374690
64758398
63857442
74508584
89563243
53139363
43047975
77560191
85324836
44657695
28020306
01977446
40433717
04185689
57594114
57576890
63970337
66413089
15256535
51138326
90013481
74814648
32776364
50678006
61290928
43587727
75552691
40116141
19352492
20854257
46769068
75908764
33083108
34831786
11262067
96043458
60362849
89225317
93965674
06305850
45260569
74561762
50154850
08476166
79881214
04353098
05174235
01499364
65191083
75966565
37939066
81457991
86926952
79771640
68146259
93543994
14698717
62737858
68608812
30390171
21484327
06976857
27243103
55381083
41513008
59340723
21118427
10698367
36477454
20032615
54878029
61312630
01228730
15808891
42477849
47277686
42231682
09975307
08174038
45751692
37076692
96865417
76854094
74029756
48798588
37611135
72778431
09966315
38701936
30755552
85922764
21808348
40280456
21817408
35719983
86044955
58095127
54373932
04376724
99099879
06874291
26612786
55476841
59960745
86775263
22856417
76821899
55292309
33150767
10786196
55322631
37284902
69576058
95636330
34974005
05538304
96381536
96509489
08038150
42780592
41937849
36321943
20897394
91958407
54261977
06070066
14162198
17003030
48110784
26696392
74334180
33266429
28796985
14337594
22838858
95847195
29565947
13387449
61565797
46185095
55865987
38668213
65698599
39733011
30112762
00494169
91571406
33332884
84749241
56261774
45564191
05266478
62207288
59725690
23736893
42224203
76371871
68898569
23199637
34573008
27138126
67636468
44366059
68325537
71094426
33662027
30293866
61788281
92415550
20355710
05141769
91439443
78143814
43067104
59502689
88112676
86511210
49490459
54687353
66866296
71330177
89272815
36897271
94158681
31811488
75536352
42904045
26450981
58668619
71227805
58389871
05688393
12226512
01280849
79854523
91081718
65599740
34343560
31868351
40784040
76483047
33391469
23707828
94096295
15328777
76907181
35939308
13368320
12541397
67656952
38365165
11949373
37889678
54653273
97060591
70360397
89043309
97364234
16827339
04546925
32322081
22744936
07389078
03370658
65984147
51147603
16426522
53716188
08796816
98471732
46296891
91583231
76765562
85600255
18492809
54183290
91673121
75599639
73793160
94647388
73200930
83824846
94195466
60399271
98056538
54682155
68956788
99769338
93597654
82808908
03083847
19988653
15717090
51678496
68291006
36247101
77828388
38236861
03931473
02601148
65034419
53488166
63066253
55474980
74065245
29887504
74018286
66708699
46971801
65234730
18601548
61568887
85096059
58335083
46900521
84859163
40495744
87050539
17688155
09407469
38423016
22716405
51000295
74582224
13033401
78986019
90322859
19103541
40653042
85179405
21488367
62053095
86771077
74669892
17404961
83602199
88603713
84899353
80076461
00620351
81501728
46237559
93728136
94088840
46942505
99556302
49103325
37138008
24257578
37012482
96808094
25788167
19362491
89317125
69362165
16443451
05830658
42753713
68740925
77443212
93633887
92854618
99368219
32158935
96964772
15367232
21633834
73673422
61785192
48013861
33927000
92326707
07859230
81435042
21039786
72510061
52727812
70378410
91108599
33604637
83111316
00959264
37229336
64449898
00887895
00810765
21013108
75772483
88467165
77608798
74973757
09353145
91218252
37249079
30615768
83630030
20388196
01970900
80387623
55052076
37961112
92112702
11952481
51813449
23985883
96666545
03519892
12852391
35793135
09455687
91866807
52575492
95817540
29910676
05594068
82883464
93032819
86954260
42288422
90585175
66303081
85177809
40957109
49370410
02771313
37163597
19684855
72791045
48377129
81520923
20256646
51231674
55280945
30286998
38883954
35425446
94739450
80538127
02680114
53742088
97356344
34596526
13176972
45298940
25727262
41644631
08337591
36171990
06556137
23332121
94797866
13716492
05129345
20115464
51297528
19027319
20385052
19487314
02701342
83348447
54195420
96172264
27007720
57364374
50348769
21034930
32653590
07093830
02594341
96068187
18662921
72608357
49378682
15498016
25633171
01969842
00482538
98391417
27432004
16000788
14201401
71790816
74922851
96377560
64192747
74053249
30687676
98395152
90836444
58978286
27427892
41872347
63590796
56834477
75034863
28762402
66639636
66657675
67628682
16005087
04602417
43258140
11257562
46644091
53153170
85928988
60045238
98684897
10402117
64170078
17113586
55540042
90771552
59488594
21728641
80119148
92551893
29421876
57845937
33040135
10552524
41685753
61986019
70064222
07530960
21831412
09014277
51111968
29510057
52027567
08208667
93286725
43985208
17294079
83428213
00809924
46786284
96718032
76562476
80307773
74295616
98513307
77325049
32335023
84828551
00974547
91447759
97475639
05815924
91204219
19813368
48168041
11517378
82424715
56051413
55607330
76254524
23807893
08928046
78410686
17718680
96917384
70090766
61938627
28469087
25138029
12536605
65158327
00116969
60904913
94847557
46206535
07269472
76625435
04316372
38810107
96732785
27308968
40068239
29046506
66555731
61704087
43151987
52129410
17277134
45139649
69547379
67352520
82777470
44692088
69478570
77423946
28575202
58426577
58005570
55011994
60386816
85936602
03624487
03385790
88240313
93510348
86161871
44560162
39089261
54465937
93946764
10734874
82709743
32315406
78124924
45803372
73968510
84308378
23824178
64677656
99872947
06187108
31041782
65602178
58213616
02281809
06273723
80875228
44246217
71044237
09530603
72293751
57008847
29756321
06926506
27107452
83869023
94572057
83377453
92666962
03949839
76746833
17001823
91189760
21619162
08186800
95498478
36502317
87612750
67592297
44369842
11094814
41282830
44469397
25558036
31122313
09808657
78099210
01255377
83187933
43111388
23612664
39523894
46609759
09481278
32232384
32621135
60305822
60732642
94033361
89748417
50033343
92104234
50328964
80806549
90791417
96741371
24924771
33978562
19351830
82121002
54095775
51648518
95854789
09876298
90363377
44431638
90118422
22485479
32762272
46820536
74902960
28259852
32333582
40945610
46232766
37209231
88515633
18579096
51809189
18037040
19488751
45791712
38686480
45597038
94456800
94594963
21973003
99986172
39233340
27058309
14515478
79994171
78763157
14124703
05028507
07902563
25548105
71250856
39174108
63952765
94430976
70148467
51152254
72263330
28212860
83425345
80081238
34197206
05731714
81354882
54146919
09369084
89488124
23467569
80593388
81273067
16450991
83560731
83473897
14026677
53299895
82459241
12134790
86888298
26359501
07124528
77309211
66445005
43409024
84938713
20465505
37024807
52065623
47484768
49171134
95071992
58614552
93553715
37983424
71948680
28231087
88078739
63168781
13091110
77942014
17634582
42508721
13154033
85527905
05955681
81113159
49139205
87532840
97514233
37602238
30451851
50031398
74466959
58022904
31926897
08479890
54849198
11870718
28432958
23571364
94535112
82652184
99775638
68947187
92286717
90759128
19530037
04224463
83865197
04447348
25945210
72929390
07137685
68959797
93202584
31106778
64782018
10282840
04931445
77472761
95912003
71991655
30454037
46634552
65694019
63519061
17932704
74887817
51102659
06697360
53053909
72546113
10762747
09460663
90393621
37397186
63916439
87704178
26687883
85052381
41418973
00722639
32692441
14591514
07115207
77488981
34709041
16413013
63873233
79269016
00377636
56185804
17275259
08106188
80774074
61137317
50442836
35749652
42891854
61313573
39388641
91514787
81465326
09952030
14894343
97802272
16926359
95052425
47563383
98412630
61222534
30472915
43493071
20366085
21811316
66753412
22470241
73898602
24361294
85252361
21460168
54024936
85859612
53822980
97039593
87306642
59226056
91113524
13669970
74391923
48151513
26852467
78011112
12944955
11980062
61442913
31426359
53562999
90424484
53936836
38333672
09366904
90308200
44424356
58680661
44337612
92061856
76933418
87190494
63899000
58227404
50491519
29149997
41310257
84254706
06140447
24395525
03362905
81549115
19455705
05609423
36037316
04635808
80281160
45135414
52371103
20243273
29305779
06030376
85873321
67782318
11287913
96982686
84996983
64843872
45724632
63313089
59224461
70796354
84951508
60209252
09078076
46780537
07683661
50904484
26588134
21615920
08889048
16043667
09555786
80119998
75310021
84748774
96564288
01916360
89946787
38049790
29558937
33881011
39748943
48992809
56586842
77032500
73058642
51189722
33943389
95258881
76755456
81181136
66968296
17202876
37208765
48431430
86064590
48233616
17153462
10124335
50624073
42312942
78978125
38454262
73117848
23116067
73906070
83866474
17636084
18854824
73051018
62066321
53312895
61286730
39075925
40985650
43981874
18291523
90443668
29392652
65807449
71415974
34167750
20179847
62464056
61238954
61586801
40494877
62407755
99776696
22028585
27214892
33521016
77943536
01550906
73139556
84188614
57541214
04064390
18275473
54642330
15708343
52945118
55627697
03308155
71123400
32665490
46354358
91409134
03228078
37079541
22323648
39639576
23051004
62029664
21960571
84419349
76007562
92734052
97823623
72478121
73550852
84482757
53278015
35945997
93675100
80946525
57675725
17599246
82522975
76751666
45065854
03643087
07692453
67592150
27454482
56765319
81640973
69124358
50200811
85953626
72542049
45139103
76459674
76484671
07709139
18510105
00624099
50524040
55027284
24935201
29584622
27193706
60826697
89493595
51580144
01120110
75954165
91868300
18156715
40762905
85368791
29186700
58839762
79836360
01295533
93118924
01073716
18099156
98228519
67021929
45725708
17808518
70647996
30564831
36742520
12417775
41070152
94172709
43049696
82178886
74180592
49812942
49319554
91417839
29025173
53026290
53272278
59595788
35248533
11873719
89528505
81773513
79211418
62996839
06286144
26502753
68628372
07636545
91461652
73489744
63811843
50962492
11383463
52012748
98692727
49494033
38125793
05884732
44808975
15753463
09431777
57147320
22105008
31322568
69952448
44704412
76320886
67487283
52228348
29312232
12452202
07613716
35564845
77632536
17123463
03826980
39420957
92866778
49300857
92903013
18535185
37952166
71920515
01982099
28720036
98794313
02656055
13368716
56965353
07627521
82255019
69156682
38062788
62483761
61281356
36516818
74699883
82937008
48876161
29338979
26954381
51596246
33286032
21022707
36601575
47340345
88770268
15722214
96643494
12718617
84031278
08403550
69360410
35290107
63069978
16625339
55525262
40663624
98865749
33906076
52115913
95065361
58267976
05670376
31002999
50026088
89968759
16657647
74448324
34842451
38985600
73141408
61781989
94974018
87762331
26654327
45897101
20864687
76968575
84104965
70712551
50783873
61262751
15767721
78058563
86171900
16233938
21034706
24579283
87092940
35788969
11857098
80149446
08073753
80180401
29025383
70928912
57187777
25228101
06369858
32813293
89004772
05767495
47780610
34689752
82766158
35143334
95221871
75620851
84374449
94587346
84750647
19872280
62868405
14971645
43303683
18750110
13002911
12483732
18922781
21412140
43122518
08114068
19514332
66022257
40873962
18187628
12863743
98328058
63048637
87753756
34497050
05138659
00847740
26699273
35250211
44570611
84699634
92999834
64076965
47318167
24334470
86157266
18691194
21591333
44962156
64477440
59332643
83426276
90899748
02486692
50549106
47592661
52745249
19206469
92570095
25954873
26704286
25871513
76491386
31372744
36628117
32439851
25271304
35954329
41975006
57102745
88561599
22558236
59510780
68397874
96914744
73334906
78619200
68966171
95018583
62789449
51647725
27810089
16083196
59876956
27884727
55709760
50208835
72077988
44863175
99949548
94280715
85642075
48411663
23128686
33660873
59436849
24833532
49998093
65980546
01044863
87579203
62281688
24755708
95399574
73590368
49134112
43147353
34046634
74426706
24676420
18004030
58892841
42948204
75543216
22323974
24349377
56543407
87622920
51097393
50021639
97564446
10704233
27822645
62522449
26906820
45115071
21951386
74911278
60200650
84334156
66860523
93804950
21033010
97437671
74798626
08428661
83507171
02337880
97853537
25334624
36844759
84958941
98456986
81045497
51816447
71126413
13220109
01698242
66226918
44413433
43273673
64789621
55313779
32574100
11376320
62481145
06074359
15296608
47975446
01333920
05056681
80499211
03211230
03875726
88320351
99510164
64491377
19776207
97698944
89126847
13249085
69924354
68818630
15363591
17724744
97453318
64945439
55176649
31007009
07358761
64335836
84901610
37413502
23848105
82352315
87525335
93518940
75485450
83002694
60124409
57753314
62364815
33924048
70254564
30451041
42775573
07756256
53307234
39040449
64817444
86632511
32249106
31266261
65963200
25802770
87415008
27133426
59508534
03462682
89466601
58235339
15475894
34393339
70033679
80883051
12520743
24325982
71732666
55982870
59916367
87197518
33605998
34054269
47292769
74715396
41413763
93079030
18549446
70593137
86107658
56506657
41477064
88036296
07860379
44382689
10164319
40162853
78304968
76806023
22544371
40437576
39967498
02852587
73344130
15623370
82794526
99503412
55934468
27149587
00033613
54492110
54785823
58474511
42967957
56169330
27544194
50270175
41172132
10023126
97212478
69668643
60465706
54259811
36152359
39078992
26773379
17128720
45313869
44296792
14714348
46180162
10809340
77745637
76195785
63027559
53152652
83266775
86553411
14870786
80489356
54196734
71835649
19322721
45208832
94560952
36298252
98557222
01627391
83237428
66719370
08226915
85663717
47106213
14267315
50959432
33165081
39949877
77755653
97831366
95060715
30022731
05058707
31137415
84278518
43821157
37521995
20071111
55425328
58295848
68929862
30761614
68137106
65083111
93391047
59035079
19921858
23633196
37188187
45458581
12949582
55552016
12232008
55733065
66476547
24212677
78265124
54427467
94336095
05207041
35486427
94313332
44001066
38446973
67733129
92026338
97467142
97037180
67121969
95466950
35134024
24400041
03972274
08748312
07821459
80903056
29287244
03397642
97199616
26066453
53675156
86640465
62070291
32021322
14262873
82962489
35666747
94599257
40543069
60449427
87934691
02451495
44661229
02049017
79545486
34027524
66563207
09314730
83298534
91658214
00914850
07736849
11878439
49162615
31201214
53902466
62617126
30816031
78420595
01165669
21864460
81334080
18067739
25335701
02153951
95300138
06958891
50681787
54969261
31329567
32770975
22557010
90203555
67043320
48164593
10071706
78728947
12333894
22245724
82658281
39006960
72110858
12059783
82582229
11432918
21352214
82477628
99570227
69485470
40105082
39079722
08661572
52893178
42807577
44498287
27904674
58900304
81328560
06079529
65251703
64317091
96434157
47548016
28192193
27184229
59414280
65854540
62250431
66840663
60046520
72533021
78611777
64997993
12825591
68658219
70042205
86577004
77868179
15438709
53480087
66890081
21901005
91626557
42306640
78971008
21314480
25172366
51007305
97006425
15020332
45659480
83887578
08956546
17440941
89150111
14096482
92915829
33898406
05428943
71841902
08932086
37381753
71453373
81253003
01089645
62277831
33010294
18848118
48016491
15456273
83449868
26393651
01645703
16946187
66433992
17345127
81432278
44767342
78693420
00786566
68278576
53793207
46175985
14221043
99572183
69361528
77619234
11486195
00097201
03479926
24021900
04575350
15965427
14286875
51380381
60843014
75199083
05252031
58456595
43176444
79569644
76694300
84488180
04660966
19550892
16048251
93746151
85450969
80681206
87669903
00822299
90914650
40129767
98970256
31018622
69155141
64279286
92673548
91770079
17582082
21275238
93084134
45423195
89785204
56074153
70312373
53167619
08317352
39298876
62864659
52917168
96515296
66262951
15887634
70335676
71021264
07211007
82471451
84380441
59902701
14137639
65783922
29078817
65529898
03050175
34605278
41456025
18159419
98492963
40291543
94224873
69239083
74561387
37310030
62488417
65817409
42663548
51814970
48068344
97535102
29143176
82378977
02451436
06822144
48334268
57303435
00493173
13971188
86845174
31410118
93186131
71333738
86165429
35537858
34316954
81944589
55133630
07833760
98611179
82329410
00229332
17208875
01644928
23856100
94162283
78523662
41925578
07921331
66487965
27000625
60516335
60917599
78291370
63739369
54968644
24755051
91144063
89423891
90829962
28547526
91301947
20514443
81009402
10762307
67648450
09659899
79705504
57640362
62875515
19748981
29915993
05256523
55025746
06302977
64089224
19858490
39447075
55765125
33407157
41203136
88441950
01541025
90497166
12931350
89409658
17281603
85385221
98466403
88574933
48477291
94989731
30898590
84464050
08767742
05100367
46821197
71285147
12459411
13490927
10047941
84233811
00927559
76380991
65556826
87770123
35178689
84214043
52870019
13363856
36656630
60701240
21890746
83063499
48086610
79071806
37459697
99439361
96069892
50140725
21300472
93958539
22761737
02363628
88679330
69871197
96216269
33805363
04287812
31313483
65280540
45992002
83852187
24030855
38142291
96485474
85993272
79194718
13027848
17627278
68574260
22017491
70667339
27120034
13935746
38497477
65477006
95380177
89065598
89139706
39063565
61764183
60190503
15757467
30899756
64319940
31666392
82251465
13032404
82036313
35594497
32973181
44583402
21062782
11471375
20326695
92214722
27153217
86215596
57082245
41172524
11757047
23886558
62324931
64462612
66652774
93572117
41361005
07667795
24307316
45839684
31317557
43684868
82835154
15327635
27202410
21012735
84054078
37276358
01478343
28337284
63410738
57272626
38763205
25296463
50041448
06368270
23434098
21337015
18856744
48657227
92586735
44661115
11068961
96648213
28540921
90298861
01879889
75171103
60400732
54318594
95584095
30627218
79202442
21702487
66766209
68845905
26866123
13325392
94701319
17822926
75818549
34790822
94760473
38282448
83580517
09043990
43143270
64640063
58739282
44608501
36533283
59827556
53276101
19087452
37096293
10143145
78012377
37984361
12521220
13732648
10354740
98309777
54058063
98086731
74542462
23790989
02777937
13606955
38514351
86947025
02835022
88689348
92968586
18329994
67824472
85408387
11645302
56654695
38882727
82372501
55209365
52026342
30171751
21562300
96017405
36395399
44783048
02281384
15471959
83773275
19472420
97330757
82488826
97549894
97533944
40280126
58496022
69426536
77604098
23813259
31567461
44633240
66013253
77476166
10734919
15829327
65476187
60385093
67002331
00631444
03668197
18071696
79845035
37654313
44471760
02674671
17091402
96365543
04714013
99607793
69522243
42384124
59012261
74472252
11287535
48466921
06934743
79937556
21002853
48239045
94006424
92294096
80228143
92938855
65846188
72811097
16323160
97312250
97144662
54177020
62263504
36319888
00007033
04183967
44265118
98924189
81500986
40992968
82335487
68962473
02608051
82619385
81177011
67032986
12411690
34017521
07320871
52630105
92402663
58077419
06069779
14160602
85021492
66846204
96424445
57454007
50843818
79996010
82095610
72502731
71282064
00370592
70918233
68789324
23450696
31167683
74163817
53433990
79726396
74209002
07939996
50665451
70917235
65939397
83402232
20028094
96811029
59637595
41086062
28308448
60000126
97893594
12273581
81581654
40475769
20916566
48659616
27755156
15314418
70258520
46678647
01322916
28903970
39601147
72388097
75617657
26903147
68874964
94452517
65761246
21547583
20813312
91518788
57187312
14856767
43936984
06551063
38275067
38566331
98282450
53420606
84777242
81744658
40508163
51116686
20380711
03665332
58995718
13207519
51911346
77366227
49138731
01037100
58598320
27517241
92117334
28690142
76182451
85534635
31112954
44364359
29761204
99195057
26320003
10928891
54622092
32291756
74567359
39502327
50397848
47683597
46569101
65011937
17933524
78267068
96246592
34439313
29382529
34026679
09124160
39459023
02319544
92815980
12478851
19506583
31259464
42656548
97235691
76984551
66590603
34929206
49014036
22583394
18216468
03354682
41175569
43456457
01480809
09194459
02691389
68074849
15826504
41195285
90799506
99294628
56237182
85313985
67435865
07330390
31254227
76625739
85603857
95466272
80745872
13423628
78337963
33422764
20309860
87334223
60113138
80470561
18355982
14987670
68173765
00391126
36344791
45505027
58192417
29070156
04044159
96271663
07190901
06509405
09136092
29728697
96226238
20328523
35841422
15286999
23868471
40888694
49512941
09749312
04413547
87540065
09019780
94707873
78350651
90046855
79415906
29419287
17444338
34666950
36734992
32850580
51417748
30310557
16524740
27207543
83100184
75416447
18598733
22334250
44513071
98672929
80010847
91333730
72943898
25241569
66517662
82417646
43877065
61671760
38002399
40815933
61509281
94278504
90696367
49484712
43491619
36273190
24334906
41130012
05588019
41611376
64724607
87870802
25055325
71321375
70724425
04591332
32088890
72014845
07698776
04609545
32116803
17033501
50034510
80549371
66425695
90147887
29272156
74349799
35252957
55065466
03737025
04253129
37200849
21261396
70867872
39023591
97373707
55781797
54962160
24023617
05745407
66908222
41976934
56582272
68101696
15109964
84322666
24680997
70029189
42971059
79583055
25867402
09495312
03566948
44095028
25073632
40120173
23506917
61366367
58856880
18563001
57679328
89068442
07336334
29148411
96219072
36486437
49910123
27760783
12440051
40100405
79787178
41368618
94468034
51777639
97646014
36593063
34130711
09103625
87885758
44993551
49613403
34019383
62004215
18854596
44406382
93075270
02890709
18535387
17132596
05137019
24901458
35402278
36289951
42706331
27018757
58938204
29780177
78203840
24503112
21275878
22503855
66411040
57469294
77000179
02459909
33926574
38376235
86138057
57753654
00320770
94807425
01996675
23601574
53754435
38310761
22203199
05822690
78927879
69192288
86556173
05476668
39571835
89396623
16712281
35144735
18407299
87061629
61365016
52345794
78788609
21227689
50380562
38887121
72318823
75221352
09057504
61594903
42732510
88342284
17213177
73797114
82228465
35563947
88046811
90990590
84484122
90986769
97668959
64704879
53024298
62920050
85053345
65676140
02975550
33309774
50978170
81221792
90768143
02176493
59612095
80277547
78807205
60072999
91568201
85591768
95831622
11783290
34324661
55694877
24046658
69606304
21457064
19331109
81996701
44478550
86211896
58490940
19863662
56906957
65682805
24515651
96248277
68225533
43257772
23046476
50428172
40523601
83817558
61424001
18152811
95167434
67584791
54345644
32967875
37524778
63029954
36428680
36721200
82793663
21951614
04055394
94171086
81076838
57711850
72687227
49035107
17199904
38435721
34507927
90425214
89444421
69873009
92213377
54981716
96365463
84297320
50172309
31349853
71734098
89362560
95882394
96220886
16911121
59211226
47005207
74281280
27295157
89126662
25635363
17619148
48167927
53721063
12502020
26436611
42657564
87831470
96872485
15889033
43769163
22421893
09993582
26113835
62512833
94797331
59021447
64162309
28336637
44189659
59537405
50729343
66105832
30391646
67364372
94327960
18966703
92790939
28368146
87921955
14483215
35418466
86540101
42505854
38636434
10432936
77883610
86244034
48746708
18736079
76634208
48248310
97376515
33538624
37821475
20371346
54536649
65933811
65652911
89283989
06680010
31091404
35585768
26336191
75246422
34903605
74339011
32293907
73483682
59088753
33530478
72689553
94488369
32556456
83777056
15063183
01897743
55819648
73629472
96355630
11279312
69614009
32113054
94016619
64939848
45641516
87288237
16806869
77963022
21320797
38165790
63876103
06701316
66555888
67360024
58131010
48917273
52616046
46752031
75772461
73816234
40034921
42508180
20498013
35707135
21365220
71448508
01099545
02080439
35719874
08762746
42787592
03199046
79094325
45775283
69029561
26070549
30001203
82859195
94548852
31112489
00003705
19780813
52936340
74437879
89996486
16670970
39463868
56337578
09126237
19349836
00809325
44618310
52604407
26097606
64765374
05454702
50085768
21035205
30101728
49432290
32112312
48777763
09662579
77870489
26869156
35364229
42203704
10550443
88863829
88166540
14623366
63379361
17118668
46164874
00428605
27431274
18984007
59623333
66106419
43870872
79076270
08953744
00603356
16035255
23811870
86837219
48811696
07483424
42818322
13571324
46591837
73895644
16487838
55192873
86928452
99045400
97426700
42220715
96493516
67669863
09300612
05757441
28784315
55399904
52609253
87270481
51763296
41068144
29480090
63482297
13343318
98294728
31038117
21220863
27334242
68156711
83593702
31553250
12359168
32665981
14168656
68625944
16820152
80090509
14376631
44905937
96620503
33935683
66765437
32751742
12321735
03177399
04058615
94558372
95288154
05852963
03774665
18210649
94614712
24453747
44522079
89814087
68252446
82201020
28805588
75430572
40283058
41687341
45951133
70523697
59089408
42242232
30062771
27155550
17075390
31487455
96769710
51794179
33164646
60368944
06882230
02857198
06457555
66242058
76359321
04424006
56068280
58569240
84297221
52742497
50077501
47940806
26546934
13045478
81042557
73495904
77210007
86083042
27049110
69581087
35005574
92287180
25404868
04713350
40521539
31268693
10831264
49041915
05649495
19077933
21010395
99888702
92904696
61203710
93931248
29165717
08516661
22528839
41443555
46343919
66154204
49079142
52164728
78250475
42938640
31979329
54364299
03547330
60937282
62399246
09696252
97922746
78077517
65060385
05484950
57444714
06965836
54331277
74140958
59274816
76166443
49170135
80753878
71828742
43087798
36958784
58963554
70967761
14003413
35382072
35058609
51025611
60310945
62890158
26384213
35116520
16921790
69684349
08414265
56315824
66086779
97571637
80723755
98136210
89133009
04787147
94261569
73689349
63847093
98440909
62670236
73348112
85065483
63954630
41360771
83592494
75167038
81690801
92657222
37404767
19093859
94126681
78704693
57451887
60462344
03610628
45123024
10322266
29040298
06573024
99334536
36823481
49276271
39578928
51902947
54938126
38581649
49947050
12014069
76275850
41982265
67501568
81658348
34920128
98468058
68105735
67647292
56429345
69647533
60436654
43072314
78429371
45525719
01651856
23389109
18454216
20173962
31727840
53736531
31424044
33017403
23609367
98976464
39189105
20781827
51529973
70899661
82505687
49817208
91267433
89528832
35154467
22649308
48584680
62463121
94755500
05481784
97882093
12370207
87531833
83790400
87820000
92071209
27550025
98552848
34321112
36726348
29856625
78982148
14712067
42137717
30215803
62536064
41852667
52144320
83300016
52755349
00836843
30255447
57282216
10560720
62817514
94115280
13923571
47197403
67797048
15948553
05390308
06087375
15695577
63300493
90146014
06203799
19613521
95811842
65359938
52045304
72778307
53346821
09351434
81201503
81102584
46911275
95374688
12268553
06888472
04602512
42874144
56372182
28880662
18609603
88102082
63961893
34452166
23545637
47217507
45465257
38586750
13913707
43025678
20417083
26679533
48437833
13998993
61793412
19471417
68927488
40389404
04585299
85253354
77556721
74845108
83169086
97733423
76968129
35815786
10332071
03956397
14722259
57100576
63471745
22528156
26973687
24691432
27894735
28871469
15030896
55255318
54338616
10606756
48137245
63544870
92669221
66009408
32844886
16950281
36989970
14416061
96487346
13451847
70535034
97132959
88041779
58740931
38743473
49317634
88893292
26434082
54513353
44046404
92735285
56208568
05802185
27401602
11827158
13713984
90333972
62721280
06436457
79481703
59913528
50804012
97015668
60851545
30209189
19529003
38563502
09574434
96092397
68194759
07301551
72607277
02247181
90274767
76598658
68420992
98751928
19010474
85920701
01298852
24925390
63817119
00775416
29027633
73093237
49955230
62616175
32029217
33854288
50514012
58621036
03180634
59094729
64621401
28936159
65937138
24776188
16206603
08787359
37951748
95776853
78789930
17494140
78511253
02399257
74526420
27630741
38381911
57765998
97591816
66003927
31506782
28934576
84578399
15075760
64022163
99485783
73729322
86445912
58785795
99291078
12301468
14003849
68345902
29090471
94826684
47962295
62145709
83902835
12303984
47297454
74443463
03514119
51469970
73905799
01499975
05428350
80552259
84852731
66894288
92778146
44025430
03533947
44411170
62186306
84467458
90223240
74524691
17817958
07093317
98224075
96903573
81879800
06430800
42574523
25170645
07019104
61083436
97448804
31314036
53260195
20296598
51832186
72407345
42562744
76703797
60849403
00529072
39783097
23982873
08977653
02142896
29418730
77490240
01124368
70753584
43067524
23081561
09040020
34230322
59799164
51487065
17008320
77219669
42430591
44467298
51192101
73003163
41640855
23403340
41164702
61122675
43085807
44510233
86006226
26960392
38118164
42728003
09342302
03617499
73599501
58992283
72523543
21205153
62124642
60641949
33166465
54841669
95433468
77179592
16269820
27158949
20281303
02139938
84031465
21292590
59834799
77066676
79235886
73745026
16154568
58733439
44650006
19641741
52799074
09448721
04425535
34265016
67766277
80588118
48094112
19674935
84620560
34652544
04886854
79320479
70638173
41636672
08174801
55306458
97222764
86918475
52010795
28244019
20233709
80000182
27008151
65185688
51270443
94630314
77140063
00623039
56111040
15233394
50692411
25198821
46400338
21092365
34524901
42470178
25723544
76378172
39656158
16927114
48446436
38940920
95868868
01604767
92118427
01241887
25189301
65483799
81188021
92108309
50468541
91560717
49845154
35211653
82345472
61470198
28777641
15761234
23991445
87522898
20641403
60252860
90066201
24231159
75545786
62345068
16050138
13566692
99688998
39189010
79890676
18368765
05146092
04434251
23679319
05541774
56802284
69654155
57155831
73268653
88769494
85679477
28348037
13571287
93859289
15263127
76100703
74312370
02694875
03133965
79278848
93410681
26986690
49323936
33120157
38725035
60292671
93646707
38639334
32879212
54506828
95770429
85577572
43798295
64303805
63532526
65569847
14326801
01455017
59631483
71476186
38123897
35184013
72245029
95967271
49540608
25682500
65218481
15011994
84005434
34197931
55579009
90565916
41281220
52165208
64929556
83969500
56805523
46818518
05291108
63985064
01169052
34414377
40697781
86935834
99595311
66525276
33774109
49473237
55608253
78678684
00193534
91508982
16609941
24574355
67275513
22559885
45609909
46085334
27881291
78135728
01533126
76965851
57518762
28624995
22484737
21059428
92625114
81523602
36277524
32687689
22772095
21032434
03339121
39262619
66350344
35092300
39071635
00978790
89188593
39119693
95640320
92040556
37638539
71528653
67903090
90704150
59973278
97125333
76293801
14851330
75505158
41581451
39705394
08410734
65978691
81541086
67200944
24887625
98130668
39543170
69492816
69639001
41352997
51675844
57044945
28749708
66739793
90114419
02328028
71268365
18323966
68452375
48241340
15075566
92171161
89872384
48733269
56359733
30217164
59638029
19028127
14267903
74494581
41007461
45517461
53156303
19191408
14383533
08557010
21552157
27122808
15914771
26399183
09999401
54422992
85586620
03989679
14325773
36300843
81270564
75064787
46828622
99714641
84154634
18940948
97342145
91073119
39363649
87593318
90183567
09085616
84511523
27469975
56993630
04214810
34745527
28428983
06320141
54619163
58224421
37942722
83175378
44833660
88476147
88265464
10597401
42668204
25077649
78694566
13714708
00035924
11779250
75786500
77330772
01238318
38375894
45555307
11766776
75799442
11540868
28075811
76639947
16649785
67733311
94813824
93768702
85458266
87102210
73180191
44321327
93746890
00652906
69768017
43992992
80337021
51408351
72943225
31354815
96048281
43758723
49227138
81418616
15024635
74200056
20291240
35924786
03603316
05427688
81316751
90183622
38058862
77330859
88537638
73252417
64513451
90512932
63161766
43215014
58505860
32011936
20282984
05432562
36142413
98248469
00484843
21818179
03618758
16695943
14000690
43318767
02878328
57945780
75835340
05566811
91049991
69661114
76065493
58184828
06490564
20383314
53674964
63685769
43579991
57924850
23429078
54533614
06044738
77501842
89688923
30248554
02867149
59877672
43321454
37045443
55934830
18082220
84244452
80387495
22151783
43794389
78415561
59922312
54947566
68152606
33713508
18995053
51536197
46411254
88552263
14193300
93779881
84206100
84437850
09143364
72196755
47781967
90254882
54707850
65844804
36214975
22552902
42035179
48237246
18321554
03830109
62457243
96525721
32737745
37582187
00197938
84399043
16376358
64866347
09207592
44937786
55561646
22877932
45210703
28840247
53505857
06483064
32484160
44610246
47773430
69570093
40216740
87637094
90162321
24783210
26294952
11387319
32703660
64165564
17861697
08973746
56529631
22870428
49366541
47359375
97908008
22191140
70560557
18960971
09104760
95177547
42887573
14328836
65092440
05488043
81602560
50871434
35636513
77993880
31406329
66188590
30618507
33835693
32127040
43981862
52801608
22185929
66441120
49880930
06016708
93726460
11670280
46621119
40037175
96031267
99087742
92358802
63894924
27103906
07629309
53065153
14126014
81341251
01605577
94470212
04892952
10352245
33475118
76951487
62222710
69193895
12651643
75665774
05677562
89883749
33376237
17052626
10126671
13172643
15201610
32442000
43067566
50664969
11730630
54662667
35379959
00624596
54912684
25420737
62577673
54413802
41296005
80260500
12433072
53636031
83145243
47468313
44139558
05496315
95807299
39371377
88033031
00154133
40473592
98434238
64032960
64832103
62275657
99761324
38249363
38238334
44350621
23152319
73879602
38109675
92393199
51431232
09818546
25589546
59190733
63238872
74141558
97586212
59850022
78990170
14564017
32251126
52368203
60547803
02313005
34364470
11457455
12664821
36337298
23895103
16774472
65818705
07235747
92097027
04222114
31849747
76457084
27840545
80191782
62862915
20570879
97785989
38197859
65667049
28107004
84144955
04007972
36511674
99841213
54690484
64510464
98561764
16427795
09499158
88886443
84499819
56416422
20695985
18057528
68212044
38045920
85766334
75555184
98513310
10181075
18750425
12761463
42346180
60142459
07594609
49642187
28546449
86209972
17559544
24785843
55013399
76175088
83900549
80588790
94814887
66580422
83459419
72542180
07186252
54951050
31951278
98330214
25650641
09504484
51517539
97893915
83843964
64704975
69486558
43589107
89163413
47042377
01835658
90740800
54748953
26883814
99366956
01282802
50444191
43752604
01278057
09573246
17700860
28968153
07577470
41405709
11926763
90513448
41341125
74445161
42839465
56199084
25116220
57317742
49628765
37838411
39685917
43732390
70333495
80601221
16748656
43576867
15451105
13184210
88937214
94490052
94711807
57857947
48544581
69622412
69241365
54424812
69321514
07805659
21288974
36549327
69536942
58306348
60252338
84212559
57250247
04112527
72043195
08734354
19413329
36495951
36536401
97431953
71265000
35971459
91638075
82264925
93832533
41895439
26911786
65674512
49770826
60877356
31486757
60962857
61541673
00829128
06776452
87245858
95302125
71618865
21132353
60167542
62049367
80454911
27983573
99800631
87196015
87085769
43020991
98149259
11039302
19573724
90174270
21253689
71234449
55004153
53843548
34774679
50098671
00321901
42699241
61953944
92388434
40605309
31541731
06813876
19718827
20124927
48436816
28469650
16639918
36169663
85279044
92140851
05282768
75784047
05429607
62109587
44664997
74141648
62545405
78005608
45976867
11815988
12349449
57730396
98548576
11881353
81433134
38334450
62929110
97042315
92834455
31410976
18433869
29239481
14673791
89067911
92165808
29220100
14431508
32845301
50665284
97554479
98136213
52602737
43013433
07805261
65289240
00899021
06719346
02097389
03401593
29626405
41790633
42427789
67358696
89907496
06191870
89988745
48325048
60477462
00737302
11228543
42888312
73748437
92729443
33600121
63816248
88880151
95677881
77021002
45149623
98929272
55759794
95519126
14774926
55155533
04071661
43382419
19289534
61223161
85348772
25477569
21191950
79717250
66014951
77609854
17567263
55348194
53556353
17101757
78859685
09234847
24698176
98242218
62910173
70894746
55977608
10339693
12429299
25434373
37981150
19105668
96664496
95573286
48111263
82507693
13544947
95046516
85815861
38561095
95259634
78830162
36128135
16036283
33904470
47468176
79452410
04199656
05855291
49838250
34284697
99553655
19746791
51382821
26565134
08890637
40460616
21635753
45466666
37464057
57319904
23538601
64375905
00606974
27019558
46027860
14774108
42037338
70031230
98621120
71799712
28544165
09342924
05781839
74478849
88534286
44175423
11300873
69958155
46056543
88141612
60855813
65039752
65012463
44047591
90532708
67551941
80727040
21696426
42937384
07886029
95455393
97691447
03144014
78926670
42865401
35872131
36236985
12676852
97500806
76478987
04120041
89528036
33108956
87891566
26190674
73953939
89061772
84386492
80340122
05263839
91058587
37184487
78795486
71548712
71477304
14246099
94423017
87275722
39469423
89341910
26635489
10659522
81886588
78397609
02333649
67849682
70889943
95790121
03548456
37953927
61350777
43129467
72550307
91620475
34655508
87805216
61714924
17120413
27138539
75080546
96671268
10673488
08708463
02056007
63281439
12457209
93868444
50990291
63289774
28002867
79709597
80272857
93737232
89178831
93804165
10656498
11877043
20834327
60404210
95026010
92065166
96124694
24366821
53823130
68437063
23534188
95031529
94122240
27488351
03857861
61473090
93045983
77793816
04997295
54692055
42730861
26755179
41743382
90640067
53869306
71421124
19788094
44576910
10376336
78145096
30677590
66359617
59271287
43005904
20909387
72724035
62166333
89443292
88539899
39105583
90086774
84342926
89087235
14585088
22229274
95162001
33283906
31199007
28106047
92939413
35323851
92561134
63113113
76836271
14447110
70128364
43822832
66939357
19575785
32715114
32040848
48248276
82280090
20332922
50775423
33546934
54761537
23313972
99411570
32604917
03254679
09079910
00579963
05286616
97209664
11661174
16790920
54932881
62555817
02685763
40732548
17476405
73517692
84769468
27416499
68655181
19161978
05390757
78157356
12458340
42406954
60806183
93904575
50283938
53818446
80196079
59361288
28948301
98169461
22948974
69717654
01302985
41290118
01897682
01872127
07001143
08287249
82711037
85172895
43193261
50995788
40696463
82055875
06490957
30708072
46201253
41300201
90445636
41266582
97025145
83657506
55463146
83439208
58490819
15963418
56360353
42300960
67217558
10984041
03166003
80093652
71273588
17298018
38731530
77910788
22294931
47297604
77105046
43797777
49184178
81892859
55201849
29356035
23541665
58664550
84913205
19554489
23881819
64765931
04691900
06406817
28058943
64980283
31795004
89531396
49872347
78165417
19661645
83565207
11879198
08327752
33106912
55545827
41342103
95592192
95053149
75522754
05312073
29699508
25435369
08398591
46992157
68078944
62773627
87464223
59058943
46155489
89923341
77468882
36655715
18447351
31428408
21344540
35641085
39342491
51051760
83019824
40196452
37954528
81040800
85330006
29453030
26387034
05390937
81115213
84999092
07606248
68681490
55963698
75932683
94889242
71157382
53909762
16550803
43762003
84478688
84080547
05256843
22948035
54365543
40321760
82337936
93495345
81061678
04049390
09639632
32678945
71264089
48389613
52841476
62443403
69466512
76659514
81574457
17249013
04512743
99164374
36263471
83596781
20527209
86477337
47286902
14835097
11488336
02684224
45787769
80463388
50143602
09877128
19332699
70788853
06854419
58120741
37048657
08413591
38227124
58771796
59833513
46845962
62325952
93228510
78696912
64171692
36792243
60126642
45713543
36364779
29457084
91397875
39265530
38807298
16266244
24052180
73034194
65332976
79504199
63203293
66397498
52597936
09966232
13116950
73296408
29971756
50936942
96389767
97597107
84207203
82388831
96062327
77410694
29195679
38199450
43846608
17909539
80582472
17028411
83148378
12580562
37797367
15410001
41025554
87859539
28098331
45094124
29579915
08834504
29451634
93547997
71050613
41840806
02995273
30862156
80695444
62771608
28554174
21327714
09372764
13736423
84124226
91227109
29419087
26911842
49208542
19842428
53440124
79009879
18224878
79908369
63823533
58487023
22920105
28367182
50466035
28430541
95599783
81340703
74834232
29192072
52027082
71914115
33593046
83643492
77485164
02646139
01623466
15281141
09670816
57742103
88491220
87524656
18557779
66454713
29779557
45787474
11917018
80957205
30794222
19305270
28172617
08553867
60805328
76205581
05817196
38270832
96556159
93855821
60259483
81264559
30615521
12233718
67912430
22127930
25742105
98667597
26706771
38956924
33357860
51094268
76503495
97862410
56930900
94659855
32185928
13488711
29829225
83876696
08206323
02471202
08888838
83205545
30316171
67296385
43027315
72025599
82048452
20808351
15450143
34570154
82667809
43568468
74891547
58097976
07447615
49932850
51820629
99066123
26563323
96435117
37476092
91813503
29070440
47918231
75096093
09703895
88775695
62499786
85094258
09948809
07954893
43483557
26684908
85293830
03255541
14620606
80666140
70230732
76722363
39433337
96487215
59059915
38540740
67406933
77177331
67287898
47703573
81973822
75473972
99755387
88777912
54521594
28799772
73845760
57948250
15540461
50832483
87241738
46167441
70332428
11113040
91623597
01739163
91778381
41902382
67855474
28394190
77554705
49611361
86727887
39376858
30875335
00383156
72663777
92599239
00039360
88444457
81073046
76834340
77392617
52405459
21596135
97494998
57505707
22175681
10709176
39939235
60220805
25377356
13976898
02351976
06362633
68892749
37716178
80055975
34805194
53621640
43246204
42514178
67466008
77203027
79108645
22019958
42393261
28785980
98566161
22521457
76702874
70269043
77342613
36264926
65272348
11791429
55268798
29570359
24748704
16018983
52390782
30750560
76737671
75205064
48372999
56684223
17301298
73135191
72302250
50325722
55327201
04038703
10581864
76019150
97656458
65033365
78525258
08370159
56146281
97131652
09573783
92179607
09420507
95669461
26919166
36734899
34465219
98434335
03770702
60969518
05506724
48305351
02964694
64638213
24840293
19935201
38655179
28345601
56773385
01738565
93770228
22487144
46069923
43713110
74937099
55179724
51569839
21142957
43060931
13781172
15669581
38618321
68277049
36198731
49427076
09271200
61023076
01239859
10093533
11179098
76229946
52267960
21644374
47608651
79273634
35828402
97173634
45373030
28914668
82386999
62150640
18957411
18048039
18525083
81810549
84079462
29781216
16606906
33106080
28452424
67860055
10618607
20806129
13529600
20213931
83126993
56285599
45318671
88366717
35384616
18857769
77709042
94539890
79796845
34281996
84045343
89535193
41516144
42702070
54397454
00758460
45552280
73193874
01626286
13393037
92657737
55507240
31053514
02680688
32119162
02725345
70205098
25120989
53847638
06516855
44824236
29104273
52179963
41190222
54501534
20485072
73295584
15880364
52173276
96730972
42593992
04432800
03957653
78206063
35672053
80539941
62119159
27666331
46013642
52183606
72121017
91225781
27177337
89592327
30268668
36682501
08243795
91826908
35195750
51795169
75205538
30097773
58626571
08860309
76626779
59771775
00331553
30242672
32390623
28918082
26935751
28730730
58682636
68762982
97036495
85363579
35180948
74370629
92776934
17737334
26782977
70769248
26771616
20030793
66114419
29557205
02716336
76208047
70138387
97937004
96559572
05680640
33370367
78882632
14693506
91222899
61798508
55152727
13863032
25113032
87487404
37740480
20421301
41147302
06762678
97928357
30805253
78257598
76509365
51551101
53132628
29055756
87377751
13057488
82783405
69495020
10332686
82846595
33142082
24507720
10025717
68582901
47327524
12988278
12721298
16764703
28560030
11667103
34410250
03360098
56117729
00173908
43173583
35495348
60775257
89308888
94519839
05923220
89230326
28474461
84425742
81339803
67728869
80399218
69176216
26120342
60373029
32929391
96774478
83439733
34581552
28289236
07998022
41277771
48277071
03979165
77512728
36790464
60741129
26852351
92565511
49228473
60832605
17883099
49640397
22097026
46562338
66586671
08149921
82882000
81989639
99250128
65533728
47244623
09969634
74314870
64039390
56072498
76593640
13490225
43807089
43890449
50779558
94335249
16468984
56580077
58682402
31209958
16407152
10689887
87963718
98449998
45365787
76578083
48785151
64613467
23853913
96985694
40558028
96299684
36828116
35476899
19288233
04993928
54425519
26026980
42699426
78563327
41814363
44166775
35769790
69939557
67589552
94723376
56030731
04289327
28146597
75032788
51019426
21615997
09105359
95683903
00479216
97026830
76314916
26286337
68986668
72416130
16337968
06608681
76146633
13253107
24859993
13511348
38254206
67312385
46401662
46747513
32435972
95715338
83299327
47235474
30085844
84425666
31190084
21404498
79010481
69448849
61545834
59852969
17365724
03989359
91173432
24236261
24080958
94285900
26327993
94621414
96913999
65447601
12472719
26919598
19339489
84794284
00946735
39281615
98622433
33994693
39233287
25333277
73100163
00353044
75125821
58560173
55841448
90536734
97556223
70435406
46413589
66128687
29475456
90203496
97149562
59300890
50946548
36644697
76388091
12517967
32250662
14700446
78645196
52355876
74138068
61092211
46833638
39931155
96960319
46811223
88110210
72024038
42956548
78251961
51597064
52767303
92424521
13551287
12854486
34893517
20397796
07978975
67225356
80824847
14026783
94128818
93503238
82524426
27510675
30220015
44169684
08810020
01605186
34136629
61528922
52915034
72648051
35654067
52232349
57557429
29348807
48203179
30009762
51043327
38808452
82784545
07164179
11807039
06701456
03081447
37403438
22286839
71355551
61537119
20949804
80773008
60661839
79425066
52478275
25174464
23670557
73967794
25254757
10306487
91701983
59094125
24386651
62009939
63378897
97173578
68097637
16179550
58733262
01562085
02124347
40254786
40735041
33629271
57359260
07180541
61702626
47087536
04409496
22063040
58576224
08212748
37937251
71461749
55992067
30630336
86450657
50271032
14754805
02904727
73675398
11349060
04435122
32215387
98403547
59106603
41643323
42283060
46180833
19139929
86415370
84661214
34735038
62106020
26731747
44826586
80158572
57512108
64313193
02436383
08607814
95209677
20803665
23389530
37883788
05765875
01716958
30179788
81477603
58692568
21159019
72620791
11751377
19712626
16076788
24761806
65556462
02247166
78234459
35228440
57903415
22277997
83067994
65378163
29813999
77091760
15452313
22011911
91726850
81351299
78752912
01302097
71218984
24551586
98333364
36227449
50700623
90771171
47850851
10626780
70969630
85666890
12738732
52274127
74967418
99361351
54407570
17080253
92157123
00632803
08979431
64580262
46559447
63009067
72544272
45980450
76051162
05700827
84505145
64080733
19597512
36139324
42429487
46107130
15603009
18705240
80346317
98840805
02532049
73477818
01229251
61694258
74167173
08696761
12935366
31032993
83419407
69662479
17361900
23961287
85452374
19954683
32569803
34782270
42050051
60031089
86017296
04787859
55498844
18304722
85373683
83559854
09574936
56882819
28898371
91770642
77966921
55295929
38347854
05325982
37322513
63810502
08756485
01036819
73846416
78045155
73690344
53100628
04261126
72111532
34719410
00897124
04349531
65835581
62329423
73424123
10544651
18614659
45032326
80193098
33832360
27751908
02473561
42455205
08904521
66577083
21074919
99229761
68602050
31267234
39174167
67706238
92253484
90660044
30413892
05953849
77815089
87005337
60717960
11352172
13538411
85103818
42786039
58955250
92486932
41797884
22600141
67765340
37786968
24534440
63673785
17903926
30700465
30837564
71146723
14865071
28238928
57758574
13918170
19222886
62054828
11988099
96426568
77475597
09450650
79372475
01814716
27111532
62834873
25733053
41003443
74966792
01195266
60465811
04070164
16118944
18393461
86012592
16257713
68862381
90383325
13668277
53567958
44380720
68458454
82726114
55547750
84941808
82873034
52521089
45645484
52172697
04903765
75514935
37480452
68427539
29851746
53309389
44348500
88313517
66523452
97699830
12768008
98776919
31129282
83805661
59342296
61751383
43430200
27951973
71954759
49389577
47925402
97103027
62245547
39354567
50343662
41221262
18780174
71781364
73088172
83888859
63101912
97483434
17284413
91257660
86927586
83771006
68992129
19728204
93406405
87263978
28574395
03808582
39673184
44156788
19004533
61906270
27266320
83965974
82329628
12861831
29403669
22108658
19259388
36406729
47468233
79686181
69307431
96212592
92463884
44047705
17680322
85944731
97548869
91400422
09293389
01266330
83709656
85485083
34669983
68279890
45202185
97093351
78470208
84596543
75771913
89443775
67045041
30659924
75252963
74881423
65797812
18662745
46553481
82227025
69913894
39827559
86814317
60241663
42701529
87149033
28885440
04076950
65819246
20268837
23316789
12665549
89922888
96589957
72903318
99974912
28864873
75523163
90136578
78119077
35693385
29032505
26645434
99862006
07370523
17129026
44562680
16986208
70444401
73068872
55581111
83262469
56835385
60232478
47996809
45339425
51007836
36215834
45997005
20317895
38733179
03433799
64603579
99140354
78655951
05542430
15633637
36168015
16942492
66476708
32554392
12558607
12311646
21182999
39277813
05736298
33051287
14468385
80021178
37501100
90633383
59197648
39190373
21940025
77879055
52802140
39431485
99105950
42633835
31198313
05371003
78772036
81635990
36758342
17643114
46718294
19784609
48102292
76016001
12903713
65135871
21591847
90138336
35310612
67599320
52334478
24258002
37743778
77926058
02126654
34114930
69801732
90118512
20556684
19879345
60914715
04772187
58030814
12229308
84253344
62921229
51103329
29627124
55588654
45650751
13836206
15994029
06269078
92212799
85899516
36181477
02111857
01349267
06356591
39549161
11526600
92294476
79591636
37742020
76129498
38530709
43340375
84595304
22285340
13704143
90907009
85581672
40699737
31890599
25640782
84359673
82807078
80938115
20859846
12005528
05423317
48215455
20720643
49303147
06666235
35708658
25808727
14785514
58975301
72300635
82394348
07362513
86729553
83531601
52012089
86210811
19836832
44919989
62705012
38641832
42603818
64300519
47918485
43329763
60011167
79796357
74509285
31698677
76335076
15613224
05508377
80197850
04031343
28418402
94271316
76106371
04192047
92457969
97624873
10703794
81568232
79257693
94035595
47479158
29792141
09894101
53287899
20345187
29228969
20409119
96170040
81971791
31017671
33820545
32298945
83182680
96010187
00607007
59569067
76743884
20229107
22979458
77334650
16943463
60663367
54018363
90075673
66357145
15975061
79184567
23433431
50189278
19597782
91597039
41771958
93987806
01013067
39585163
87224000
21654407
40743638
89132889
26958687
08834502
20167396
87826013
53742365
68591925
71850175
37267523
11231603
99885168
42096839
72818178
50919863
65030318
27902635
32755544
35781455
98867726
13202635
60596451
61041596
24833960
74975954
61246224
72559424
74484714
95761139
29225075
81249188
33663787
59421458
24499409
33190986
32557394
87545058
29719981
35211648
34945914
50648284
06535301
07022050
89161527
04665828
09596536
34469044
69241578
60592492
90123187
40493407
96575042
40277860
76037788
84416138
87349022
52553216
67866581
02756402
63770272
47474902
55428974
84603896
80286067
00395303
18330594
74090125
49786600
64188522
44133355
66230681
54245245
16967477
91387499
76618208
95523489
21873009
54112004
25188284
18226518
03956349
89235283
09048070
89290489
14930985
75398578
08003524
26401399
04364666
67261293
30405555
05268590
02835281
44210742
93302428
70996346
07869435
77716575
18803237
68386331
71021133
06667761
00926741
67925576
94854819
96601487
04926369
31616348
81179384
41194443
57112103
89114060
58662173
83379754
53535182
72552148
11116235
00581344
90813953
97816288
33734196
34855457
61185996
87964115
49784566
02540055
37870876
08327937
09948011
67564659
23033704
94817894
05943542
83483174
55270413
21256577
47942619
40244202
64166177
83619576
24065285
43316729
11435892
56765296
08720499
91480626
96862964
93441291
86765297
62087816
17358289
63504036
83045211
23945138
96287025
64282932
67403111
97069531
38326148
70419536
01917424
06246035
62054036
60196191
74543855
73258663
30923380
11399016
07068488
46557001
87912150
31902415
89068397
78352239
78107716
02153127
93527941
16821517
27980999
32907903
73898000
23661485
79176541
51383232
75123091
33051819
93702861
85063396
85087742
63764579
95295495
67001120
57739833
82857054
90550123
98356824
49489905
48837152
27826320
08795225
25333788
93813794
68769103
33424968
24800169
18356786
60906548
72666188
48265508
96037318
86036502
84070589
63749734
85559101
27569904
10420941
03459821
87745598
20823459
37327230
56748610
99939636
89196933
16030660
05967461
80192615
69615910
48623226
03240059
02541045
05877196
00007621
01183766
15958917
03620638
43740705
14402719
38480595
30237153
04564534
72835535
79708351
82960874
25134850
56899621
56777359
43215418
26054129
46758678
99661460
92287568
58090347
71744550
67476980
08307013
01501144
44341322
52832177
64399817
94084870
87027822
07685870
78447650
02820629
62126640
28226977
24460981
93550602
14369083
09885798
99602250
85884447
64306133
59549867
20925008
48297781
39638487
25771752
95111810
38384477
96648510
21713187
09923456
72566035
34714105
10931967
95143204
08454537
95357479
04922333
78862496
61769933
25099886
93047247
28492326
13952123
03631667
24641885
87214960
78504087
53056751
27932766
35391647
90145598
98252441
05625653
50281453
57239139
22001531
81492008
34051574
97549976
30408866
49869670
36594237
94133604
87652724
39851163
54830870
37231392
54264896
58772903
12241901
93982401
91766460
04293733
37762228
36870051
13728329
35116377
72747839
20709367
53331531
96811658
71421252
68107070
86285923
74694473
06808238
13740158
07298630
41071915
96827249
09766021
57454233
52977620
40265164
29974434
02241987
44700727
02703793
28180448
91813510
98732680
78284130
27870761
21197331
62259714
53541729
95755281
08113201
19893207
06177003
51924382
05478523
22978509
84208660
01084880
70780735
38462141
31296128
22162075
28707762
96388417
43575814
85350024
37515671
92527993
94989180
12561795
48652465
30173509
36494929
85143214
82073110
19752398
51587519
28602661
70310736
85908478
21263254
89105087
26622875
77680113
66650212
25544383
41604606
01968843
24992678
95411265
95876883
59862146
40193275
48229302
26835629
10737669
63040278
94463452
21549325
65232333
58397014
89480989
68735602
76459865
03870782
97198325
07255439
64625827
50412349
19790712
68582468
62469113
49270522
35050645
31441243
92911876
68806632
51877227
69790108
28280670
31630191
59891984
74957613
45364321
29494262
12812528
62584891
44566484
93145247
81220445
17737883
97824353
03125247
91792893
98208139
72394476
43125992
18188607
32198864
51273022
06797869
72573331
61455887
00982361
05922653
21110775
55649646
89063203
31137078
42078570
46854134
22507416
47929254
93706953
97789931
34309331
90963855
09403396
91249928
50830532
15286325
06453045
52300080
57734969
51901791
52782903
11385903
38969958
40038819
57919599
59736621
68961358
13004087
46737724
79493087
16836970
68379964
84779167
86401501
58397911
24788389
52194052
48231355
40288090
54921355
54825266
12821244
36839524
93578724
90799942
78794678
26696135
54174131
07483487
28045326
79821519
84077530
29979563
77211256
36176572
19760677
10319725
47836117
50249372
77318647
69332778
30238770
56892049
45142817
05502669
62483347
76085352
91249779
99351505
31491372
92583784
90546417
57867214
50483832
19850567
57730947
89847644
47862120
51901348
93905528
93549679
05742734
28647391
54301753
98202360
66949743
02706289
25564442
63632962
49057810
29264663
62628675
40720960
68703432
13039272
26926838
84849833
08076033
04148444
77798680
09975760
21135517
89001358
54034083
01157529
90567995
98177777
71776860
80414987
86507387
65741062
60257622
05052520
08345407
90517115
40804327
73752910
39027053
92109089
91629472
36640582
89523062
63952419
04816144
40078935
95551134
33594468
01626370
72822946
20778667
49769353
38320611
41763411
46755413
67362537
84227194
58665721
93568594
40615782
31612946
87677459
43332651
96513802
23458555
22996344
48315410
70734907
67661661
86056468
42101350
12307273
46827740
80699161
62899193
44283108
05099247
06400501
75470346
79524462
86707756
06543447
15987647
35047649
61262170
10112784
03430816
78896429
32560247
60385256
20442834
70875450
72170183
83648622
29974558
62830712
25705007
28533117
40599900
11800775
10375785
19502669
44284083
80755458
85895594
70428402
34578166
64408331
00197368
40330630
81917958
24617810
52613215
02549013
26540856
10149974
87180736
43076672
59138864
96464930
77241324
01684575
17127299
81396498
01699786
67986440
32679739
35607322
36528991
82189916
02560343
45890705
70563458
03908210
30072700
54898662
15870145
10230140
27639366
18366474
97953852
34406486
42493781
51190380
60328780
10214984
98664538
48608117
53859537
76226726
94970309
29712346
99875345
94866273
95486291
06806299
38718943
42219273
21953090
80489788
30178315
19067116
30528734
11292055
22463048
68940372
96402204
48797726
82709999
95960216
87859741
85441909
15687932
21872928
80205598
46122608
50334965
48797543
65481277
72125719
39964476
86693947
93234884
79734468
54536734
55950962
19168470
54714171
27572498
14147535
90473788
32730829
20894689
79223330
34496968
83815650
53538300
00071229
79031898
90700527
30397020
89361400
76308711
27815346
72751327
33099024
79515292
61465001
19757701
86571127
97786409
17907079
44472167
35716014
65268829
49506436
77798277
26597328
78511633
11579640
43809855
39159838
33661997
20082815
18571719
62555411
17925595
75774471
27040703
59721228
11824679
48567367
13677198
02524275
81695606
02269829
31785222
85917652
39696788
49307273
35315554
02272110
66834125
87250147
84347017
44928643
38526841
79212659
88285364
24912521
73647484
04516829
34090148
74176420
51144404
49269992
75214642
35917661
44486469
31494806
30699035
59059237
35757861
78118432
65105645
20788203
72584351
64287374
03572942
56710601
57509589
15044665
08050742
69735697
79234954
32708602
60129813
35854355
26936492
64111107
11735258
94103959
46516689
59972619
46528352
84556665
71805842
78946562
57182405
56292119
21693315
15156372
50268574
01062548
75110756
49714231
76961680
41167764
65456827
88596915
70197283
49424940
41565967
55999321
21592853
97594254
10524143
19994026
77891170
04686856
51656840
90319136
15561233
59626814
43702081
08016129
22623385
52802170
95017425
70286200
09409878
08710135
90166046
98507590
24718099
68762056
41182079
30813995
61697762
98473960
23049092
49549858
67788430
45617891
84305279
83049094
97887261
88293603
86627697
48787931
67925692
57596880
47259880
73624646
52540907
44615353
12098192
06840997
94877382
96713728
27428129
11951807
98072803
29504006
98990086
21182360
86105583
28418559
33896988
23064947
17476154
59404897
62318850
67358831
01090530
04525309
35086206
77332760
06128371
36131796
90850196
53874731
97855743
16306651
12309704
99249372
28355111
78432102
01437749
16540390
42472737
00909349
69477506
47537215
61060868
83822343
59572248
71767620
05004411
33543223
72097917
75236069
33148670
87122330
44113461
11622012
53619829
96943733
12877431
97859442
32568052
61877139
32059575
73890907
82523973
63132852
79522671
37503965
91915093
98107575
05796891
67659871
43676225
12360696
77213267
25799857
72282195
16655730
29209502
54080527
28204684
43329072
32225460
97379811
23213021
92066086
21723686
08499203
51857018
66439787
77457862
76916904
15099135
42005245
83470540
44230542
12122211
08934995
36931890
13605261
08489043
64000157
42753037
84037071
37579441
37155123
64848526
41897569
56743023
62665388
92820788
06855893
24480941
04982577
18699448
07999500
95607938
76764064
23917883
23384313
84789775
41694557
83568632
11115754
82137933
59913941
34675355
16916255
58618501
33980782
18781152
53738652
43432617
84275812
98465126
33434266
14673955
68055080
68856962
78171356
03293857
41968411
70447963
67049630
76290978
30945475
75107730
42890083
45306103
46358075
72320331
14439650
28409224
62682363
12794870
25305093
71794181
91637808
36038852
39050271
58617812
47665496
80987776
99565909
76560476
59883497
07451012
13173656
35465704
57816295
20534673
93726997
18076335
21027242
74094756
81032281
50801221
24802715
17513853
51330419
54244070
37899257
67522343
20768065
48924502
96680908
97361229
17123721
16564731
38132801
58729195
81113203
40145484
23518096
78635464
25148557
91134067
70861666
54429332
10750003
92275502
76707347
74451451
53141708
39923682
81765486
23542485
25225257
90501024
92316938
95482411
42315598
69902279
52702877
01744404
31366715
15923277
87420559
12193351
55866966
03002204
63067553
83966092
96915406
65455460
04447272
86814799
06815792
00431400
31132519
02861986
72721806
98341751
63844579
62754221
83455838
84699987
28368225
